Texture Texture/Font.bmp
Frame 200 120 5 12
Frame 205 120 5 12
Frame 210 120 5 12
Frame 215 120 5 12
Frame 220 120 5 12
Frame 225 120 5 12
Frame 230 120 5 12
Frame 235 120 5 12
Frame 240 120 5 12
Frame 245 120 5 12
Frame 250 120 5 12
Frame 255 120 5 12
Frame 260 120 5 12
Frame 265 120 5 12
Frame 270 120 5 12
Frame 275 120 5 12
Frame 280 120 5 12
Frame 285 120 5 12
Frame 290 120 5 12
Frame 295 120 5 12
Frame 200 132 5 12
Frame 205 132 5 12
Frame 210 132 5 12
Frame 215 132 5 12
Frame 220 132 5 12
Frame 225 132 5 12
Frame 230 132 5 12
Frame 235 132 5 12
Frame 240 132 5 12
Frame 245 132 5 12
Frame 250 132 5 12
Frame 255 132 5 12
Frame 260 132 5 12
Frame 265 132 5 12
Frame 270 132 5 12
Frame 275 132 5 12
Frame 280 132 5 12
Frame 285 132 5 12
Frame 290 132 5 12
Frame 295 132 5 12
Frame 200 144 5 12
Frame 205 144 5 12
Frame 210 144 5 12
Frame 215 144 5 12
Frame 220 144 5 12
Frame 225 144 5 12
Frame 230 144 5 12
Frame 235 144 5 12
Frame 240 144 5 12
Frame 245 144 5 12
Frame 250 144 5 12
Frame 255 144 5 12
Frame 260 144 5 12
Frame 265 144 5 12
Frame 270 144 5 12
Frame 275 144 5 12
Frame 280 144 5 12
Frame 285 144 5 12
Frame 290 144 5 12
Frame 295 144 5 12
Frame 200 156 5 12
Frame 205 156 5 12
Frame 210 156 5 12
Frame 215 156 5 12
Frame 220 156 5 12
Frame 225 156 5 12
Frame 230 156 5 12
Frame 235 156 5 12
Frame 240 156 5 12
Frame 245 156 5 12
Frame 250 156 5 12
Frame 255 156 5 12
Frame 260 156 5 12
Frame 265 156 5 12
Frame 270 156 5 12
Frame 275 156 5 12
Frame 280 156 5 12
Frame 285 156 5 12
Frame 290 156 5 12
Frame 295 156 5 12
Frame 200 168 5 12
Frame 205 168 5 12
Frame 210 168 5 12
Frame 215 168 5 12
Frame 220 168 5 12
Frame 225 168 5 12
Frame 230 168 5 12
Frame 235 168 5 12
Frame 240 168 5 12
Frame 245 168 5 12
Frame 250 168 5 12
Frame 255 168 5 12
Frame 260 168 5 12
Frame 265 168 5 12
Frame 270 168 5 12
Frame 275 168 5 12
Frame 280 168 5 12
Frame 285 168 5 12
Frame 290 168 5 12
Frame 295 168 5 12
