Texture Texture/Font.bmp
Frame 100 120 5 12
Frame 105 120 5 12
Frame 110 120 5 12
Frame 115 120 5 12
Frame 120 120 5 12
Frame 125 120 5 12
Frame 130 120 5 12
Frame 135 120 5 12
Frame 140 120 5 12
Frame 145 120 5 12
Frame 150 120 5 12
Frame 155 120 5 12
Frame 160 120 5 12
Frame 165 120 5 12
Frame 170 120 5 12
Frame 175 120 5 12
Frame 180 120 5 12
Frame 185 120 5 12
Frame 190 120 5 12
Frame 195 120 5 12
Frame 100 132 5 12
Frame 105 132 5 12
Frame 110 132 5 12
Frame 115 132 5 12
Frame 120 132 5 12
Frame 125 132 5 12
Frame 130 132 5 12
Frame 135 132 5 12
Frame 140 132 5 12
Frame 145 132 5 12
Frame 150 132 5 12
Frame 155 132 5 12
Frame 160 132 5 12
Frame 165 132 5 12
Frame 170 132 5 12
Frame 175 132 5 12
Frame 180 132 5 12
Frame 185 132 5 12
Frame 190 132 5 12
Frame 195 132 5 12
Frame 100 144 5 12
Frame 105 144 5 12
Frame 110 144 5 12
Frame 115 144 5 12
Frame 120 144 5 12
Frame 125 144 5 12
Frame 130 144 5 12
Frame 135 144 5 12
Frame 140 144 5 12
Frame 145 144 5 12
Frame 150 144 5 12
Frame 155 144 5 12
Frame 160 144 5 12
Frame 165 144 5 12
Frame 170 144 5 12
Frame 175 144 5 12
Frame 180 144 5 12
Frame 185 144 5 12
Frame 190 144 5 12
Frame 195 144 5 12
Frame 100 156 5 12
Frame 105 156 5 12
Frame 110 156 5 12
Frame 115 156 5 12
Frame 120 156 5 12
Frame 125 156 5 12
Frame 130 156 5 12
Frame 135 156 5 12
Frame 140 156 5 12
Frame 145 156 5 12
Frame 150 156 5 12
Frame 155 156 5 12
Frame 160 156 5 12
Frame 165 156 5 12
Frame 170 156 5 12
Frame 175 156 5 12
Frame 180 156 5 12
Frame 185 156 5 12
Frame 190 156 5 12
Frame 195 156 5 12
Frame 100 168 5 12
Frame 105 168 5 12
Frame 110 168 5 12
Frame 115 168 5 12
Frame 120 168 5 12
Frame 125 168 5 12
Frame 130 168 5 12
Frame 135 168 5 12
Frame 140 168 5 12
Frame 145 168 5 12
Frame 150 168 5 12
Frame 155 168 5 12
Frame 160 168 5 12
Frame 165 168 5 12
Frame 170 168 5 12
Frame 175 168 5 12
Frame 180 168 5 12
Frame 185 168 5 12
Frame 190 168 5 12
Frame 195 168 5 12
